4 0.49267616732377895 0.07858546168958742 0.6713267595290232 0.07858546168958742 0.6713267595290232 0.17092337917485265 0.49267616732377895 0.17092337917485265
7 0.3916997456425541 0.07662082514734773 0.4937857983312651 0.07662082514734773 0.4937857983312651 0.14734774066797643 0.3916997456425541 0.14734774066797643
7 5.551115123125783e-19 0.3335972746777474 0.24501266229447477 0.2571760891041509 0.266350079158172 0.47162501111971417 0.021337416863697216 0.5480461966933107
3 0.5681310758328263 0.4027504911591356 0.7379046199781827 0.4027504911591356 0.7379046199781827 0.5638506876227897 0.5681310758328263 0.5638506876227897
3 0.8344425176294636 0.2966601178781922 0.9276515222582864 0.2966601178781922 0.9276515222582864 0.45186640471512735 0.8344425176294636 0.45186640471512735
3 0.17310243716781426 0.1925343811394892 0.22636472552714174 0.1925343811394892 0.22636472552714174 0.25147347740667975 0.17310243716781426 0.25147347740667975
5 0.1897469022801041 0.22789783889980353 0.20195284336244998 0.22789783889980353 0.20195284336244998 0.26719056974459726 0.1897469022801041 0.26719056974459726
5 0.17199280616032828 0.23772102161100198 0.18752764026513213 0.23772102161100198 0.18752764026513213 0.2691552062868369 0.17199280616032828 0.2691552062868369
5 0.13315572089831867 0.24557956777996073 0.14536166198066455 0.24557956777996073 0.14536166198066455 0.27701375245579574 0.13315572089831867 0.27701375245579574
5 0.14536166198066455 0.23772102161100198 0.1597868650779824 0.23772102161100198 0.1597868650779824 0.275049115913556 0.14536166198066455 0.275049115913556
5 0.11540162477854285 0.22986247544204322 0.1287171968683747 0.22986247544204322 0.1287171968683747 0.2691552062868369 0.11540162477854285 0.2691552062868369
