3 0.5911697806303563 0.569697733966955 0.7317040691589075 0.6990059581373931 0.6825476751027304 0.866478432119395 0.5420133865741792 0.7371702079489568
3 0.8477580897192954 0.730844793713163 0.9986679067373899 0.730844793713163 0.9986679067373899 0.9921414538310411 0.8477580897192954 0.9921414538310411
3 0.9553922974454365 0.5245579567779955 0.9997775377448753 0.5245579567779955 0.9997775377448753 0.6227897838899797 0.9553922974454365 0.6227897838899797
3 0.8067017424423139 0.4970530451866405 0.892143330018735 0.4970530451866405 0.892143330018735 0.5697445972495089 0.8067017424423139 0.5697445972495089
3 0.702396427738631 0.45579567779960706 0.7911669083375101 0.45579567779960706 0.7911669083375101 0.5284872298624754 0.702396427738631 0.5284872298624754
5 0.6779845455739393 0.5284872298624754 0.7068349517685749 0.5284872298624754 0.7068349517685749 0.5834970530451866 0.6779845455739393 0.5834970530451866
5 0.2940522169837871 0.6306483300589392 0.3273411472083667 0.6306483300589392 0.3273411472083667 0.7367387033398823 0.2940522169837871 0.7367387033398823
3 0.17754096119775822 0.41453831041257366 0.24633808366188947 0.41453831041257366 0.24633808366188947 0.4852652259332024 0.17754096119775822 0.4852652259332024
3 0.44385240299439566 0.44793713163064836 0.5193073115034428 0.44793713163064836 0.5193073115034428 0.5304518664047151 0.44385240299439566 0.5304518664047151
7 0.35619155340300246 0.3988212180746562 0.42055015183718975 0.3988212180746562 0.42055015183718975 0.5068762278978389 0.35619155340300246 0.5068762278978389
