5 0.2050279329539137 0.7740412465372032 0.28040096990590657 0.7241357840015968 0.2998828127130045 0.8148689580161337 0.2245097757610116 0.86477442055174
5 0.22823293509132722 0.47740667976424367 0.2662717576065484 0.47740667976424367 0.2662717576065484 0.5284872298624754 0.22823293509132722 0.5284872298624754
5 0.24277719075891177 0.44204322200392926 0.27410327988909394 0.44204322200392926 0.27410327988909394 0.47347740667976423 0.24277719075891177 0.47347740667976423
5 0.4195458365649397 0.424361493123772 0.4318525144375113 0.424361493123772 0.4318525144375113 0.4499017681728879 0.4195458365649397 0.4499017681728879
3 0.3345178803544453 0.40471512770137524 0.366962758382134 0.40471512770137524 0.366962758382134 0.449901768172888 0.3345178803544453 0.449901768172888
3 0.38374459184473153 0.40471512770137524 0.4161894698724203 0.40471512770137524 0.4161894698724203 0.449901768172888 0.38374459184473153 0.449901768172888
3 0.47101012585023905 0.4223968565815324 0.5124053150579797 0.4223968565815324 0.5124053150579797 0.4833005893909627 0.47101012585023905 0.4833005893909627
3 0.4463967701050955 0.3909626719056975 0.4833168037228105 0.3909626719056975 0.4833168037228105 0.4341846758349706 0.4463967701050955 0.4341846758349706
3 0.7070745832241117 0.45776031434184683 0.7932213283321128 0.45776031434184683 0.7932213283321128 0.5363457760314342 0.7070745832241117 0.5363457760314342
3 0.8088843728972038 0.4950884086444008 0.8961499069027113 0.4950884086444008 0.8961499069027113 0.5717092337917484 0.8088843728972038 0.5717092337917484
3 0.959920874060582 0.5265225933202357 0.9979596965758034 0.5265225933202357 0.9979596965758034 0.6227897838899804 0.959920874060582 0.6227897838899804
