8 0.837522402962399 0.30844793713163055 0.9903061169515445 0.30844793713163055 0.9903061169515445 0.5520628683693515 0.837522402962399 0.5520628683693515
7 0.8040661152275494 0.20235756385068762 0.8765547386530568 0.20235756385068762 0.8765547386530568 0.31630648330058947 0.8040661152275494 0.31630648330058947
7 0.5007291064315808 0.06483300589390963 0.6066740175919375 0.06483300589390963 0.6066740175919375 0.1512770137524558 0.5007291064315808 0.1512770137524558
7 0.39255377608890074 0.07072691552062868 0.4918074297022875 0.07072691552062868 0.4918074297022875 0.14931237721021612 0.39255377608890074 0.14931237721021612
3 0.8442136605093689 0.15324165029469541 0.9278543798464925 0.15324165029469541 0.9278543798464925 0.24557956777996073 0.8442136605093689 0.24557956777996073
3 0.8163334207303277 0.14341846758349705 0.8654026427414403 0.14341846758349705 0.8654026427414403 0.1925343811394892 0.8163334207303277 0.1925343811394892
3 0.20073772640909696 0.15717092337917485 0.24980694842020956 0.15717092337917485 0.24980694842020956 0.2220039292730845 0.20073772640909696 0.2220039292730845
3 0.16059018112727755 0.18860510805500982 0.21188982232071343 0.18860510805500982 0.21188982232071343 0.2416502946954813 0.16059018112727755 0.2416502946954813
5 0.1617053907184392 0.24165029469548135 0.18400958254167218 0.24165029469548135 0.18400958254167218 0.269155206286837 0.1617053907184392 0.269155206286837
5 0.1371707797128829 0.23772102161100198 0.156129342762631 0.23772102161100198 0.156129342762631 0.2691552062868369 0.1371707797128829 0.2691552062868369
5 0.12044263584545818 0.24557956777996073 0.14163161807752953 0.24557956777996073 0.14163161807752953 0.27701375245579574 0.12044263584545818 0.27701375245579574
3 0.1360555701217213 0.16306483300589392 0.17397269622121736 0.16306483300589392 0.17397269622121736 0.2259332023575638 0.1360555701217213 0.2259332023575638
