3 0.705457303756536 0.45972495088408644 0.8036855359251676 0.45972495088408644 0.8036855359251676 0.5363457760314342 0.705457303756536 0.5363457760314342
3 0.8103829153912108 0.4970530451866405 0.9030299980048064 0.4970530451866405 0.9030299980048064 0.575638506876228 0.8103829153912108 0.575638506876228
3 0.9644226431102012 0.5304518664047151 1.0 0.5304518664047151 1.0 0.6188605108055011 0.9644226431102012 0.6188605108055011
5 0.8918676988947347 0.6620825147347741 0.9621901832881867 0.6620825147347741 0.9621901832881867 0.7642436149312377 0.8918676988947347 0.7642436149312377
5 0.7824771676160315 0.5756385068762278 0.8237776743232968 0.5756385068762278 0.8237776743232968 0.6463654223968565 0.7824771676160315 0.6463654223968565
5 0.8273390709501708 0.6313051596119414 0.8837104860737686 0.6741047885488872 0.8696346885474022 0.731536144244412 0.8132632734238043 0.6887365153074662
5 0.629553669808048 0.6326129666011788 0.6965274644684787 0.6326129666011788 0.6965274644684787 0.7170923379174853 0.629553669808048 0.7170923379174853
5 0.2165486027353924 0.6640471512770137 0.2611977991756795 0.6640471512770137 0.2611977991756795 0.762278978388998 0.2165486027353924 0.762278978388998
5 0.34826373223423934 0.5049115913555993 0.3795181697424403 0.5049115913555993 0.3795181697424403 0.5481335952848722 0.34826373223423934 0.5481335952848722
5 0.3248229041030886 0.48919449901768175 0.35719357152229675 0.48919449901768175 0.35719357152229675 0.5324165029469549 0.3248229041030886 0.5324165029469549
5 0.5346741273724379 0.5127701375245579 0.5703934845246678 0.5127701375245579 0.5703934845246678 0.5618860510805501 0.5346741273724379 0.5618860510805501
5 0.5759746340797035 0.4656188605108055 0.5971830023888399 0.4656188605108055 0.5971830023888399 0.5068762278978389 0.5759746340797035 0.5068762278978389
3 0.44314327466984943 0.5166994106090373 0.5190469086183375 0.5166994106090373 0.5190469086183375 0.6129666011787819 0.44314327466984943 0.6129666011787819
2 0.556355544808453 0.4977015235294431 0.6683224550420621 0.5522744701895677 0.6480653628189404 0.6810242570022129 0.5360984525853313 0.6264513103420883
5 0.49968231668941626 0.5705516231057193 0.5600716084930825 0.6297228431338734 0.5395277304582664 0.6946743100966356 0.47913843865460026 0.6355030900684816
3 0.3616584911663255 0.6227897838899804 0.5782070939017178 0.6227897838899804 0.5782070939017178 0.8074656188605109 0.3616584911663255 0.8074656188605109
3 0.38844800903049775 0.40471512770137524 0.41970244653869876 0.40471512770137524 0.41970244653869876 0.4538310412573674 0.38844800903049775 0.4538310412573674
3 0.3437988125902106 0.4066797642436149 0.36835587063236847 0.4066797642436149 0.36835587063236847 0.4518664047151277 0.3437988125902106 0.4518664047151277
3 0.10604184154568184 0.4361493123772102 0.20985122326934935 0.4361493123772102 0.20985122326934935 0.518664047151277 0.10604184154568184 0.518664047151277
5 0.5090008394192729 0.4204322200392927 0.5246280581733733 0.4204322200392927 0.5246280581733733 0.45383104125736734 0.5090008394192729 0.45383104125736734
