7 0.3306127716218302 0.28884871570322534 0.5104443303662501 0.257936514037134 0.5193550508092972 0.42281084977105277 0.3395234920648773 0.4537230514371441
3 0.6785952183496166 0.3104125736738703 0.8063826295972716 0.3104125736738703 0.8063826295972716 0.4322200392927309 0.6785952183496166 0.4322200392927309
3 0.9220522690886837 0.4223968565815324 1.0 0.4223968565815324 1.0 0.593320235756385 0.9220522690886837 0.593320235756385
3 0.9187474222460719 0.16699410609037327 0.9705233561136561 0.16699410609037327 0.9705233561136561 0.21807465618860514 0.9187474222460719 0.21807465618860514
3 0.8603617946932638 0.15324165029469547 0.916544191017664 0.15324165029469547 0.916544191017664 0.21414538310412573 0.8603617946932638 0.21414538310412573
3 0.3701428463725181 0.21414538310412573 0.4593737111230359 0.21414538310412573 0.4593737111230359 0.28487229862475444 0.3701428463725181 0.28487229862475444
3 0.28642005969302 0.2220039292730845 0.37454930882933385 0.2220039292730845 0.37454930882933385 0.3241650294695481 0.28642005969302 0.3241650294695481
3 0.16854718897320023 0.1905697445972495 0.2335425102112317 0.1905697445972495 0.2335425102112317 0.27111984282907664 0.16854718897320023 0.27111984282907664
5 0.12668579563345114 0.2082514734774067 0.14210841423230608 0.2082514734774067 0.14210841423230608 0.24557956777996073 0.12668579563345114 0.24557956777996073
5 0.14431164546071393 0.1925343811394892 0.16083587967377275 0.1925343811394892 0.16083587967377275 0.22986247544204322 0.14431164546071393 0.22986247544204322
5 0.30184267829187494 0.18271119842829073 0.32167175934754555 0.18271119842829073 0.32167175934754555 0.21414538310412573 0.30184267829187494 0.21414538310412573
7 0.38997192742818876 0.07465618860510806 0.49462541077756145 0.07465618860510806 0.49462541077756145 0.1512770137524558 0.38997192742818876 0.1512770137524558
7 0.5078447981480085 0.068762278978389 0.6069902034263617 0.068762278978389 0.6069902034263617 0.15324165029469547 0.5078447981480085 0.15324165029469547
3 0.9055280348756248 0.14145383104125736 0.9506942750579856 0.14145383104125736 0.9506942750579856 0.1905697445972495 0.9055280348756248 0.1905697445972495
