3 0.11219486699088793 0.7446434438246347 0.38973821379316215 0.6588619081315522 0.41334154947553287 0.8945711916964911 0.13579820267325868 0.9803527273895736
3 0.4719125403596853 0.5304518664047151 0.5501918716989695 0.5304518664047151 0.5501918716989695 0.6542239685658152 0.4719125403596853 0.6542239685658152
3 0.704513982053559 0.5972495088408645 0.8767285109999844 0.5972495088408645 0.8767285109999844 0.7406679764243612 0.704513982053559 0.7406679764243612
3 0.8006857319846791 0.4931237721021611 0.9002123104017692 0.4931237721021611 0.9002123104017692 0.5736738703339882 0.8006857319846791 0.5736738703339882
3 0.9594809469872271 0.5265225933202358 1.0 0.5265225933202358 1.0 0.6149312377210217 0.9594809469872271 0.6149312377210217
3 0.7011591535675891 0.45776031434184683 0.79621262733672 0.45776031434184683 0.79621262733672 0.5363457760314342 0.7011591535675891 0.5363457760314342
3 0.3835687235624929 0.4066797642436149 0.42382666539412484 0.4066797642436149 0.42382666539412484 0.4518664047151277 0.3835687235624929 0.4518664047151277
3 0.3310097439489735 0.4027504911591356 0.3723859619425951 0.4027504911591356 0.3723859619425951 0.45776031434184683 0.3310097439489735 0.45776031434184683
5 0.37685906659055424 0.5088408644400786 0.43277287469004294 0.5088408644400786 0.43277287469004294 0.5756385068762279 0.37685906659055424 0.5756385068762279
5 0.5859767088826422 0.5383104125736738 0.6161701652563661 0.5383104125736738 0.6161701652563661 0.5952848722986247 0.5859767088826422 0.5952848722986247
5 0.8800833394859531 0.6247544204322201 0.9315240429374828 0.6247544204322201 0.9315240429374828 0.7131630648330057 0.8800833394859531 0.7131630648330057
5 0.5781487757487138 0.47347740667976423 0.5949229181785605 0.47347740667976423 0.5949229181785605 0.512770137524558 0.5781487757487138 0.512770137524558
5 0.5233532438112148 0.4656188605108055 0.5390091100790717 0.4656188605108055 0.5390091100790717 0.5029469548133595 0.5233532438112148 0.5029469548133595
5 0.5099339298673375 0.4361493123772102 0.5233532438112148 0.4361493123772102 0.5233532438112148 0.4715127701375245 0.5099339298673375 0.4715127701375245
5 0.48980495895152154 0.4518664047151277 0.5065791013813682 0.4518664047151277 0.5065791013813682 0.4872298624754421 0.48980495895152154 0.4872298624754421
