7 0.724830600216511 0.1100196463654224 0.8709033318631973 0.1100196463654224 0.8709033318631973 0.19842829076620824 0.724830600216511 0.19842829076620824
7 0.8509843230022853 0.08055009823182711 0.9904173850286677 0.08055009823182711 0.9904173850286677 0.25736738703339884 0.8509843230022853 0.25736738703339884
7 0.7812677919890944 0.17878192534381138 0.8631570506395093 0.17878192534381138 0.8631570506395093 0.3084479371316306 0.7812677919890944 0.3084479371316306
7 0.8465578765887494 0.2632612966601179 0.9959504430455876 0.2632612966601179 0.9959504430455876 0.607072691552063 0.8465578765887494 0.607072691552063
3 0.7170843189928232 0.3948919449901769 0.8310653141413739 0.3948919449901769 0.8310653141413739 0.5520628683693517 0.7170843189928232 0.5520628683693517
3 0.39616695401146707 0.45579567779960706 0.6119562166713444 0.45579567779960706 0.6119562166713444 0.6522593320235757 0.39616695401146707 0.6522593320235757
3 0.3582625386629879 0.2891077255037097 0.4754534243417891 0.26532986464134556 0.48202037752849025 0.36734367546737007 0.3648294918496891 0.39112153632973423
5 0.45566070828291294 0.22909453432253782 0.5266249636624735 0.20824146977322358 0.5347566767457539 0.2954634224554594 0.4637924213661934 0.31631648700477366
5 0.18369752616174176 0.22986247544204322 0.2014033118158855 0.22986247544204322 0.2014033118158855 0.27111984282907664 0.18369752616174176 0.27111984282907664
5 0.1682049637143659 0.22986247544204322 0.18923058417866168 0.22986247544204322 0.18923058417866168 0.27308447937131636 0.1682049637143659 0.27308447937131636
5 0.14053967362976627 0.23182711198428288 0.16045868249067802 0.23182711198428288 0.16045868249067802 0.2770137524557957 0.14053967362976627 0.2770137524557957
5 0.12394049957900646 0.24165029469548135 0.15049917806022214 0.24165029469548135 0.15049917806022214 0.28487229862475444 0.12394049957900646 0.28487229862475444
3 0.15935207088729403 0.1905697445972495 0.21025620464295738 0.1905697445972495 0.21025620464295738 0.24361493123772102 0.15935207088729403 0.24361493123772102
3 0.13279339240607835 0.15717092337917485 0.1792710797482058 0.15717092337917485 0.1792710797482058 0.22986247544204322 0.13279339240607835 0.22986247544204322
7 0.3806743915640913 0.06679764243614932 0.49244216350587383 0.06679764243614932 0.49244216350587383 0.1532416502946955 0.3806743915640913 0.1532416502946955
7 0.5024016679363298 0.07072691552062868 0.6086363818611925 0.07072691552062868 0.6086363818611925 0.15127701375245578 0.5024016679363298 0.15127701375245578
