7 0.8543599406861775 0.3143418467583497 1.0 0.3143418467583497 1.0 0.5992141453831041 0.8543599406861775 0.5992141453831041
7 0.8177920054817107 0.18664047151277013 0.8820629219016825 0.18664047151277013 0.8820629219016825 0.2966601178781925 0.8177920054817107 0.2966601178781925
3 0.8820629219016826 0.17878192534381138 0.9308201688409716 0.17878192534381138 0.9308201688409716 0.25343811394891946 0.8820629219016826 0.25343811394891946
3 0.7856565472717248 0.2691552062868369 0.8366300327082541 0.2691552062868369 0.8366300327082541 0.38310412573673874 0.7856565472717248 0.38310412573673874
3 0.8222244824761915 0.14341846758349705 0.8720898486641008 0.14341846758349705 0.8720898486641008 0.19842829076620824 0.8222244824761915 0.19842829076620824
3 0.16843412579027103 0.1925343811394892 0.2160832534809398 0.1925343811394892 0.2160832534809398 0.23968565815324164 0.16843412579027103 0.23968565815324164
5 0.17508284128199228 0.23772102161100198 0.1917046300112953 0.23772102161100198 0.1917046300112953 0.2691552062868369 0.17508284128199228 0.2691552062868369
5 0.14848797931510743 0.23968565815324144 0.16178541029854981 0.23968565815324144 0.16178541029854981 0.2711198428290765 0.14848797931510743 0.2711198428290765
5 0.13629866758028514 0.24557956777996073 0.14516362156924675 0.24557956777996073 0.14516362156924675 0.27701375245579574 0.13629866758028514 0.27701375245579574
3 0.9430094805757938 0.15913555992141454 0.9862261312719818 0.15913555992141454 0.9862261312719818 0.21414538310412573 0.9430094805757938 0.21414538310412573
3 0.9086577838685674 0.1512770137524558 0.9485500768188947 0.1512770137524558 0.9485500768188947 0.18860510805500985 0.9086577838685674 0.18860510805500985
3 0.8942522336365049 0.12770137524557956 0.9297120495923513 0.12770137524557956 0.9297120495923513 0.18271119842829078 0.8942522336365049 0.18271119842829078
7 0.5019780196249525 0.06679764243614932 0.6116818252383526 0.06679764243614932 0.6116818252383526 0.1512770137524558 0.5019780196249525 0.1512770137524558
7 0.39116609476293207 0.068762278978389 0.49532930413323123 0.068762278978389 0.49532930413323123 0.14341846758349705 0.39116609476293207 0.14341846758349705
