3 0.27282423339917405 0.62475442043222 0.49962992140571627 0.62475442043222 0.49962992140571627 0.8506876227897835 0.27282423339917405 0.8506876227897835
3 0.7856023106313565 0.3025540275049116 0.8403862932416327 0.3025540275049116 0.8403862932416327 0.41060903732809434 0.7856023106313565 0.41060903732809434
3 0.7625930379350409 0.2200392927308448 0.8195683798497279 0.2200392927308448 0.8195683798497279 0.3025540275049116 0.7625930379350409 0.3025540275049116
3 0.6924695401938876 0.1768172888015717 0.7582103193262187 0.1768172888015717 0.7582103193262187 0.24165029469548135 0.6924695401938876 0.24165029469548135
7 0.8469603711548658 0.13163064833005894 0.946667219505568 0.13163064833005894 0.946667219505568 0.24361493123772102 0.8469603711548658 0.24361493123772102
7 0.8666826048945651 0.3379174852652259 0.9904944055937887 0.3379174852652259 0.9904944055937887 0.6110019646365422 0.8666826048945651 0.6110019646365422
3 0.8118986222842892 0.16306483300589392 0.8590128473291264 0.16306483300589392 0.8590128473291264 0.22396856581532418 0.8118986222842892 0.22396856581532418
5 0.2750155927035851 0.2868369351669941 0.30240758400872303 0.2868369351669941 0.30240758400872303 0.33791748526522586 0.2750155927035851 0.33791748526522586
5 0.16873466643964985 0.2337917485265226 0.18845690017934918 0.2337917485265226 0.18845690017934918 0.27308447937131636 0.16873466643964985 0.27308447937131636
5 0.147916753047745 0.2337917485265226 0.1566821902653891 0.2337917485265226 0.1566821902653891 0.2691552062868369 0.147916753047745 0.2691552062868369
5 0.1303858786124567 0.24361493123772104 0.14901243269995051 0.24361493123772104 0.14901243269995051 0.2809430255402751 0.1303858786124567 0.2809430255402751
3 0.16216058852641674 0.17878192534381138 0.21584889148448716 0.17878192534381138 0.21584889148448716 0.25343811394891946 0.16216058852641674 0.25343811394891946
3 0.14572539374333396 0.15520628683693516 0.179691462961705 0.15520628683693516 0.179691462961705 0.22789783889980353 0.14572539374333396 0.22789783889980353
3 0.11833340243819597 0.1512770137524558 0.14353403443892293 0.1512770137524558 0.14353403443892293 0.2200392927308448 0.11833340243819597 0.2200392927308448
7 0.3834878782719315 0.06483300589390963 0.4908644841880723 0.06483300589390963 0.4908644841880723 0.14931237721021612 0.3834878782719315 0.14931237721021612
7 0.4963428824490998 0.06679764243614932 0.6037194883652407 0.06679764243614932 0.6037194883652407 0.14931237721021612 0.4963428824490998 0.14931237721021612
7 0.9006486741129361 0.06679764243614932 0.9937814445504052 0.06679764243614932 0.9937814445504052 0.16502946954813363 0.9006486741129361 0.16502946954813363
