7 0.004412875925646063 0.269155206286837 0.2735983073900559 0.269155206286837 0.2735983073900559 0.506876227897839 0.004412875925646063 0.506876227897839
7 0.8958138129061508 0.3497053045186641 1.0 0.3497053045186641 1.0 0.6385068762278979 0.8958138129061508 0.6385068762278979
7 0.8163820462445217 0.13359528487229863 0.8958138129061508 0.13359528487229863 0.8958138129061508 0.42632612966601185 0.8163820462445217 0.42632612966601185
7 0.6972343962520778 0.1512770137524558 0.8108659513374641 0.1512770137524558 0.8108659513374641 0.2632612966601179 0.6972343962520778 0.2632612966601179
3 0.6200090675532719 0.22003929273084485 0.7005440531963125 0.22003929273084485 0.7005440531963125 0.2966601178781926 0.6200090675532719 0.2966601178781926
3 0.485416351821067 0.43811394891944994 0.6817893305123167 0.43811394891944994 0.6817893305123167 0.5992141453831042 0.485416351821067 0.5992141453831042
3 0.16548284721172737 0.1866404715127702 0.23167598609641832 0.1866404715127702 0.23167598609641832 0.24361493123772104 0.16548284721172737 0.24361493123772104
7 0.3927459573824996 0.06483300589390964 0.49313888469094747 0.06483300589390964 0.49313888469094747 0.14538310412573677 0.3927459573824996 0.14538310412573677
7 0.4931388846909476 0.05697445972495089 0.6089768777391569 0.05697445972495089 0.6089768777391569 0.15913555992141457 0.4931388846909476 0.15913555992141457
5 0.16768928517455037 0.23379174852652265 0.18644400785854617 0.23379174852652265 0.18644400785854617 0.2612966601178782 0.16768928517455037 0.2612966601178782
5 0.18092791295148858 0.22789783889980356 0.20740516850536497 0.22789783889980356 0.20740516850536497 0.2554027504911592 0.18092791295148858 0.2554027504911592
5 0.14121202962067403 0.23379174852652265 0.1610699712860813 0.23379174852652265 0.1610699712860813 0.25343811394891946 0.14121202962067403 0.25343811394891946
5 0.12797340184373585 0.24361493123772104 0.1467281245277316 0.24361493123772104 0.1467281245277316 0.25933202357563856 0.12797340184373585 0.25933202357563856
5 0.11252833610397461 0.1925343811394892 0.12907662082514734 0.1925343811394892 0.12907662082514734 0.22003929273084485 0.11252833610397461 0.22003929273084485
5 0.06839957684751398 0.206286836935167 0.09267039443856734 0.206286836935167 0.09267039443856734 0.243614931237721 0.06839957684751398 0.243614931237721
3 0.1401088106392625 0.1552062868369352 0.17872147498866559 0.1552062868369352 0.17872147498866559 0.22003929273084485 0.1401088106392625 0.22003929273084485
3 0.1114251171225631 0.14931237721021612 0.14231524860208553 0.14931237721021612 0.14231524860208553 0.19842829076620827 0.1114251171225631 0.19842829076620827
