7 0.5053742230132271 0.06679764243614932 0.610843626076857 0.06679764243614932 0.610843626076857 0.1414538310412574 0.5053742230132271 0.1414538310412574
7 0.39660890110385855 0.07269155206286837 0.49988102493699627 0.07269155206286837 0.49988102493699627 0.14734774066797643 0.39660890110385855 0.14734774066797643
7 0.025268711150661358 0.14341846758349705 0.10876532190936843 0.14341846758349705 0.10876532190936843 0.27701375245579574 0.025268711150661358 0.27701375245579574
5 0.1318367538295375 0.23772102161100198 0.14941498767347583 0.23772102161100198 0.14941498767347583 0.2829076620825148 0.1318367538295375 0.2829076620825148
5 0.1461190688277374 0.22986247544204322 0.1680918611326603 0.22986247544204322 0.1680918611326603 0.27701375245579574 0.1461190688277374 0.27701375245579574
5 0.17248641959364489 0.23182711198428288 0.1944592118985678 0.23182711198428288 0.1944592118985678 0.2888015717092338 0.17248641959364489 0.2888015717092338
3 0.1647959422869219 0.18271119842829076 0.21862928343398302 0.18271119842829076 0.21862928343398302 0.25343811394891946 0.1647959422869219 0.25343811394891946
3 0.7646531722113175 0.22986247544204322 0.8085987568211634 0.22986247544204322 0.8085987568211634 0.31630648330058947 0.7646531722113175 0.31630648330058947
3 0.8624320979682244 0.18664047151277013 0.9239559164220086 0.18664047151277013 0.9239559164220086 0.25147347740667975 0.8624320979682244 0.25147347740667975
3 0.8173878737431325 0.14341846758349705 0.873418494120686 0.14341846758349705 0.873418494120686 0.19842829076620824 0.8173878737431325 0.19842829076620824
8 0.911870880654301 0.14538310412573674 0.9777892575690698 0.14538310412573674 0.9777892575690698 0.2220039292730845 0.911870880654301 0.2220039292730845
