5 0.29370282287250543 0.6640471512770137 0.33837245372763936 0.6640471512770137 0.33837245372763936 0.7721021611001964 0.29370282287250543 0.7721021611001964
3 0.38862578843966505 0.47740667976424367 0.443346086237204 0.47740667976424367 0.443346086237204 0.5638506876227898 0.38862578843966505 0.5638506876227898
3 0.45228001240823074 0.5049115913555993 0.5360355702616069 0.5049115913555993 0.5360355702616069 0.6227897838899804 0.45228001240823074 0.6227897838899804
3 0.5941060903732809 0.5500982318271126 0.7180643159962773 0.5500982318271126 0.7180643159962773 0.6994106090373285 0.5941060903732809 0.6994106090373285
3 0.8085203184779233 0.4970530451866405 0.9023265432737044 0.4970530451866405 0.9023265432737044 0.5815324165029472 0.8085203184779233 0.5815324165029472
3 0.963747285699514 0.5284872298624754 1.0 0.5284872298624754 1.0 0.6247544204322201 0.963747285699514 0.6247544204322201
3 0.7046634267397374 0.45776031434184683 0.8029366146210318 0.45776031434184683 0.8029366146210318 0.5363457760314342 0.7046634267397374 0.5363457760314342
3 0.4734980870644194 0.42632612966601185 0.5271016440905801 0.42632612966601185 0.5271016440905801 0.4990176817288803 0.4734980870644194 0.4990176817288803
7 0.3830420845827733 0.32416502946954817 0.410960603867232 0.32416502946954817 0.410960603867232 0.38506876227897846 0.3830420845827733 0.38506876227897846
5 0.36182400992658464 0.3988212180746562 0.3729914176403681 0.3988212180746562 0.3729914176403681 0.418467583497053 0.36182400992658464 0.418467583497053
3 0.27248474821631685 0.8605108055009824 0.4232447523523937 0.8605108055009824 0.4232447523523937 1.0 0.27248474821631685 1.0
