7 0.17089837522972612 0.316579601851416 0.3607117527737637 0.2747087248659461 0.37227444421879036 0.4402228912096918 0.18246106667475276 0.4820937681951617
7 0.38806868305258413 0.06679764243614932 0.4897846911461389 0.06679764243614932 0.4897846911461389 0.1512770137524558 0.38806868305258413 0.1512770137524558
7 0.49973517019876934 0.06483300589390963 0.5992399607250729 0.06483300589390963 0.5992399607250729 0.15324165029469547 0.49973517019876934 0.15324165029469547
3 0.6810550107133669 0.33398821218074654 0.8391570667718273 0.33398821218074654 0.8391570667718273 0.4833005893909627 0.6810550107133669 0.4833005893909627
3 0.5174249107367788 0.25343811394891946 0.6301970066665897 0.25343811394891946 0.6301970066665897 0.35756385068762275 0.5174249107367788 0.35756385068762275
3 0.36816772494732336 0.2632612966601179 0.47209495060812945 0.2632612966601179 0.47209495060812945 0.37917485265225925 0.36816772494732336 0.37917485265225925
3 0.27861341347365015 0.1905697445972495 0.3460555492748114 0.1905697445972495 0.3460555492748114 0.25147347740667975 0.27861341347365015 0.25147347740667975
3 0.2155937128069912 0.2082514734774067 0.29409193644440845 0.2082514734774067 0.29409193644440845 0.2966601178781925 0.2155937128069912 0.2966601178781925
5 0.24765636753213344 0.16699410609037327 0.26534610807014297 0.16699410609037327 0.26534610807014297 0.20039292730844793 0.24765636753213344 0.20039292730844793
5 0.18684788443272565 0.2043222003929273 0.20896006010523757 0.2043222003929273 0.20896006010523757 0.24557956777996073 0.18684788443272565 0.24557956777996073
5 0.1525740121403322 0.22789783889980353 0.16915814389471615 0.22789783889980353 0.16915814389471615 0.26915520628683687 0.1525740121403322 0.26915520628683687
3 0.8656916775788415 0.14931237721021612 0.9132328552747421 0.14931237721021612 0.9132328552747421 0.21414538310412573 0.8656916775788415 0.21414538310412573
3 0.9265001606782493 0.16895874263261296 0.968513294456022 0.16895874263261296 0.968513294456022 0.2220039292730845 0.9265001606782493 0.2220039292730845
3 0.9110216377074909 0.13555992141453832 0.9541403802688893 0.13555992141453832 0.9541403802688893 0.1944990176817289 0.9110216377074909 0.1944990176817289
