3 0.33878378169330015 0.4243614931237721 0.37492071840725216 0.4243614931237721 0.37492071840725216 0.4833005893909627 0.33878378169330015 0.4833005893909627
3 0.33991306096561114 0.4047151277013753 0.37266215986263024 0.4047151277013753 0.37266215986263024 0.4440078585461691 0.33991306096561114 0.4440078585461691
3 0.3816963940411181 0.39292730844793716 0.4144454929381372 0.39292730844793716 0.4144454929381372 0.43418467583497056 0.3816963940411181 0.43418467583497056
3 0.38847206967498416 0.4243614931237721 0.4257382856612473 0.4243614931237721 0.4257382856612473 0.4833005893909627 0.38847206967498416 0.4833005893909627
3 0.7137045001005524 0.4616895874263262 0.8040468418854325 0.4616895874263262 0.8040468418854325 0.5343811394891945 0.7137045001005524 0.5343811394891945
3 0.8130810760639203 0.4970530451866405 0.9068112556657335 0.4970530451866405 0.9068112556657335 0.5677799607072692 0.8130810760639203 0.5677799607072692
3 0.9723094534597715 0.5284872298624755 1.0 0.5284872298624755 1.0 0.6247544204322201 0.9723094534597715 0.6247544204322201
5 0.3986355831257832 0.5579567779960708 0.44154819547360125 0.5579567779960708 0.44154819547360125 0.6404715127701376 0.3986355831257832 0.6404715127701376
5 0.4550995467413332 0.7229862475442045 0.5104342310845722 0.7229862475442045 0.5104342310845722 0.8526522593320237 0.4550995467413332 0.8526522593320237
5 0.726126572095973 0.6188605108055012 0.7825905357115229 0.6188605108055012 0.7825905357115229 0.7092337917485266 0.726126572095973 0.7092337917485266
1 0.8800051482949793 0.7865508485797913 0.9506795317633957 0.8436366641895537 0.9211952910410647 0.9541171278445695 0.8505209075726482 0.897031312234807
1 0.5047878347230172 0.46561886051080564 0.5239855823523041 0.46561886051080564 0.5239855823523041 0.5088408644400786 0.5047878347230172 0.5088408644400786
