3 0.029961734604232685 0.55297940293456 0.2461553669335064 0.43148218424740525 0.27308479761381016 0.5842738561866525 0.05689116528453642 0.7057710748738072
3 0.802069074351209 0.30844793713163066 0.9021901796543091 0.30844793713163066 0.9021901796543091 0.4499017681728881 0.802069074351209 0.4499017681728881
3 0.8405771917754783 0.1925343811394891 0.8999897158014933 0.1925343811394891 0.8999897158014933 0.2691552062868368 0.8405771917754783 0.2691552062868368
3 0.8185725532473244 0.1414538310412574 0.8713836857148937 0.1414538310412574 0.8713836857148937 0.20628683693516706 0.8185725532473244 0.20628683693516706
5 0.17053594859319257 0.2357563850687623 0.19144035519493874 0.2357563850687623 0.19144035519493874 0.27701375245579574 0.17053594859319257 0.27701375245579574
5 0.1287271353897002 0.24361493123772104 0.1496315419914464 0.24361493123772104 0.1496315419914464 0.28094302554027506 0.1287271353897002 0.28094302554027506
5 0.1485313100650387 0.23182711198428294 0.16173409318193102 0.23182711198428294 0.16173409318193102 0.275049115913556 0.1485313100650387 0.275049115913556
3 0.16283432510833873 0.1846758349705305 0.2200463852815388 0.1846758349705305 0.2200463852815388 0.24557956777996073 0.16283432510833873 0.24557956777996073
3 0.39498326158036223 0.068762278978389 0.48300181569297773 0.068762278978389 0.48300181569297773 0.14538310412573677 0.39498326158036223 0.14538310412573677
3 0.49730483073627774 0.06679764243614932 0.6073280233770472 0.06679764243614932 0.6073280233770472 0.14931237721021612 0.49730483073627774 0.14931237721021612
8 0.884586468831786 0.14931237721021612 0.9594022398275093 0.14931237721021612 0.9594022398275093 0.237721021611002 0.884586468831786 0.237721021611002
