3 0.3403208966049576 0.3948919449901769 0.37591000997541063 0.3948919449901769 0.37591000997541063 0.4518664047151277 0.3403208966049576 0.4518664047151277
3 0.3903680872821573 0.4027504911591356 0.42262072127413036 0.4027504911591356 0.42262072127413036 0.45383104125736734 0.3903680872821573 0.45383104125736734
3 0.7117822674090617 0.45776031434184683 0.7963064116638876 0.45776031434184683 0.7963064116638876 0.5343811394891945 0.7117822674090617 0.5343811394891945
3 0.8074280095921543 0.4950884086444008 0.9008494321895938 0.4950884086444008 0.9008494321895938 0.5677799607072691 0.8074280095921543 0.5677799607072691
3 0.9653547001735399 0.5265225933202358 1.0 0.5265225933202358 1.0 0.6227897838899804 0.9653547001735399 0.6227897838899804
3 0.337083428035872 0.678290117678879 0.5089226999514238 0.6004554914385979 0.5319600179255538 0.75916814439952 0.360120746010002 0.837002770639801
3 0.6339310819111955 0.6777996070726915 0.665071556110342 0.6777996070726915 0.665071556110342 0.7485265225933202 0.6339310819111955 0.7485265225933202
5 0.7095579478234086 0.6208251473477406 0.7718388962217015 0.6208251473477406 0.7718388962217015 0.7053045186640472 0.7095579478234086 0.7053045186640472
5 0.707333628237755 0.5422396856581533 0.742922741608208 0.5422396856581533 0.742922741608208 0.6149312377210217 0.707333628237755 0.6149312377210217
5 0.5516312572420228 0.5245579567779961 0.570537973720076 0.5245579567779961 0.570537973720076 0.5834970530451866 0.5516312572420228 0.5834970530451866
5 0.5605285355846361 0.4852652259332024 0.5783230922698626 0.4852652259332024 0.5783230922698626 0.5343811394891945 0.5605285355846361 0.5343811394891945
5 0.5060327057361298 0.518664047151277 0.5227151026285297 0.518664047151277 0.5227151026285297 0.5618860510805502 0.5060327057361298 0.5618860510805502
5 0.47489223153698334 0.45383104125736734 0.48823814905090324 0.45383104125736734 0.48823814905090324 0.48722986247544203 0.47489223153698334 0.48722986247544203
5 0.1512537318244256 0.4656188605108055 0.18239420602357206 0.4656188605108055 0.18239420602357206 0.5088408644400786 0.1512537318244256 0.5088408644400786
