3 0.3121499340180366 0.5756385068762281 0.3924170599083888 0.5756385068762281 0.3924170599083888 0.7131630648330061 0.3121499340180366 0.7131630648330061
3 0.3188388611755659 0.4970530451866405 0.38126884797917326 0.4970530451866405 0.38126884797917326 0.5992141453831042 0.3188388611755659 0.5992141453831042
3 0.3924170599083888 0.43418467583497056 0.43700990762525127 0.43418467583497056 0.43700990762525127 0.5206286836935168 0.3924170599083888 0.5206286836935168
3 0.4269765168889571 0.4872298624754421 0.4938657884642505 0.4872298624754421 0.4938657884642505 0.587426326129666 0.4269765168889571 0.587426326129666
3 0.6031182653705636 0.6070726915520626 0.7458153780645236 0.6070726915520626 0.7458153780645236 0.7956777996070722 0.6031182653705636 0.7956777996070722
3 0.7056818151193468 0.45776031434184683 0.8004416165176793 0.45776031434184683 0.8004416165176793 0.544204322200393 0.7056818151193468 0.544204322200393
3 0.8060157224822873 0.4970530451866405 0.90077552388062 0.4970530451866405 0.90077552388062 0.575638506876228 0.8060157224822873 0.575638506876228
3 0.9643203318771486 0.5206286836935168 1.0 0.5206286836935168 1.0 0.6365422396856583 0.9643203318771486 0.6365422396856583
5 0.6098071925280929 0.5265225933202358 0.6443666495086612 0.5265225933202358 0.6443666495086612 0.5952848722986248 0.6098071925280929 0.5952848722986248
5 0.5484920269174072 0.4950884086444008 0.5707884507758383 0.4950884086444008 0.5707884507758383 0.5520628683693517 0.5484920269174072 0.5520628683693517
5 0.5351141726023484 0.43811394891944994 0.5518364904961719 0.43811394891944994 0.5518364904961719 0.4833005893909627 0.5351141726023484 0.4833005893909627
5 0.3244129671401737 0.44597249508840864 0.3433649274198402 0.44597249508840864 0.3433649274198402 0.49115913555992136 0.3244129671401737 0.49115913555992136
5 0.17837139086744946 0.46365422396856587 0.21404566904093936 0.46365422396856587 0.21404566904093936 0.512770137524558 0.17837139086744946 0.512770137524558
