3 0.1765023586509236 0.3599005178779178 0.340418988576827 0.24817609620478157 0.36936289154104884 0.381537109975366 0.20544626161514543 0.4932615316485022
3 0.7383427250874536 0.23772102161100203 0.807077333128628 0.23772102161100203 0.807077333128628 0.35363457760314343 0.7383427250874536 0.35363457760314343
7 0.8104032012596525 0.17878192534381138 0.9888914576246375 0.17878192534381138 0.9888914576246375 0.3811394891944991 0.8104032012596525 0.3811394891944991
7 0.5022060877847094 0.07269155206286837 0.607525245267154 0.07269155206286837 0.607525245267154 0.14734774066797643 0.5022060877847094 0.14734774066797643
7 0.39466968488158183 0.07269155206286837 0.4877939925502697 0.07269155206286837 0.4877939925502697 0.1414538310412574 0.39466968488158183 0.1414538310412574
5 0.1829227472063511 0.22789783889980353 0.201769333282157 0.22789783889980353 0.201769333282157 0.26915520628683687 0.1829227472063511 0.26915520628683687
5 0.16740202926156977 0.2337917485265226 0.18624861533737566 0.2337917485265226 0.18624861533737566 0.2691552062868369 0.16740202926156977 0.2691552062868369
5 0.12749161168927503 0.24557956777996073 0.14079508421337328 0.24557956777996073 0.14079508421337328 0.27701375245579574 0.12749161168927503 0.27701375245579574
5 0.1419037069237148 0.23772102161100198 0.15520717944781307 0.23772102161100198 0.15520717944781307 0.2691552062868369 0.1419037069237148 0.2691552062868369
5 0.1108622710341522 0.24557956777996073 0.12416574355825045 0.24557956777996073 0.12416574355825045 0.28487229862475444 0.1108622710341522 0.28487229862475444
3 0.16961927468225282 0.19646365422396855 0.22948490104069502 0.19646365422396855 0.22948490104069502 0.24950884086444008 0.16961927468225282 0.24950884086444008
