7 0.3386816927043765 0.33760559544023083 0.6754557989658523 0.18990590264626206 0.7138638592230582 0.4644352272454824 0.37708975296158237 0.6121349200394512
7 0.501553215383667 0.06286836935166994 0.6114066851247799 0.06286836935166994 0.6114066851247799 0.14734774066797643 0.501553215383667 0.14734774066797643
7 0.3872612216126101 0.07072691552062868 0.4882376432938352 0.07072691552062868 0.4882376432938352 0.14931237721021612 0.3872612216126101 0.14931237721021612
3 0.8300039935995197 0.29469548133595286 0.9365285703181746 0.29469548133595286 0.9365285703181746 0.4165029469548134 0.8300039935995197 0.4165029469548134
3 0.8411003036743796 0.174852652259332 0.905458902108567 0.174852652259332 0.905458902108567 0.2612966601178781 0.8411003036743796 0.2612966601178781
3 0.8854855439738192 0.13555992141453832 0.9442959873705766 0.13555992141453832 0.9442959873705766 0.20039292730844793 0.8854855439738192 0.20039292730844793
3 0.17088317515284226 0.1925343811394892 0.23080324955708564 0.1925343811394892 0.23080324955708564 0.25736738703339884 0.17088317515284226 0.25736738703339884
4 0.15867723407049641 0.07269155206286837 0.2818462759014411 0.07269155206286837 0.2818462759014411 0.16895874263261296 0.15867723407049641 0.16895874263261296
5 0.18308911623518817 0.22986247544204322 0.19973358134747804 0.22986247544204322 0.19973358134747804 0.2691552062868369 0.18308911623518817 0.2691552062868369
5 0.16644465112289833 0.2337917485265226 0.1808698542202162 0.2337917485265226 0.1808698542202162 0.2691552062868369 0.16644465112289833 0.2691552062868369
5 0.1309364588833467 0.24557956777996073 0.14203276895820657 0.24557956777996073 0.14203276895820657 0.27701375245579574 0.1309364588833467 0.27701375245579574
5 0.14425203097317857 0.23772102161100198 0.15090981701809453 0.23772102161100198 0.15090981701809453 0.2691552062868369 0.14425203097317857 0.2691552062868369
5 0.11096310074859889 0.23772102161100198 0.12316904183094476 0.23772102161100198 0.12316904183094476 0.2632612966601179 0.11096310074859889 0.2632612966601179
